{
  "advancedEditorSelectedIdentifier" : "BehaviorsPluginID",
  "openSceneRelativePaths" : [
    "Scene.usda"
  ],
  "recentIdentifiers" : {
    "6DB8FA17-D981-4FB4-8D5C-37E418F095A8" : [

    ],
    "D66134B1-3681-4A8E-AFE5-29F257229F3B" : [

    ]
  },
  "sceneCameraHistory" : {
    "05DC082F-4B2E-4ACA-B883-E28FCF9F675E" : [
      {
        "date" : 752678410.97315,
        "title" : "Untitled",
        "transform" : [
          0.9999222,
          4.3568177e-11,
          0.012470169,
          0,
          0.0064345896,
          0.85658956,
          -0.5159585,
          0,
          -0.010681816,
          0.5159986,
          0.8565229,
          0,
          -0.006731864,
          0.32519197,
          0.53979754,
          1
        ]
      },
      {
        "date" : 752634173.767477,
        "title" : "Untitled",
        "transform" : [
          1,
          0,
          0,
          0,
          0,
          0.7071069,
          -0.70710677,
          0,
          0,
          0.70710677,
          0.7071069,
          0,
          0,
          0.9556956,
          0.95569575,
          1
        ]
      }
    ],
    "6DB8FA17-D981-4FB4-8D5C-37E418F095A8" : [
      {
        "date" : 752634794.151193,
        "title" : "Untitled",
        "transform" : [
          -0.023340639,
          -5.040137e-08,
          -0.9997276,
          0,
          0.010849669,
          0.9999411,
          -0.00025357184,
          0,
          0.9996687,
          -0.010852755,
          -0.023339095,
          0,
          0.23222876,
          0.07263725,
          -0.07537528,
          1
        ]
      },
      {
        "date" : 752634791.600045,
        "title" : "Untitled",
        "transform" : [
          -0.7144245,
          -5.085661e-08,
          -0.69971263,
          0,
          -0.2915817,
          0.90903676,
          0.297712,
          0,
          0.6360645,
          0.41671598,
          -0.64943796,
          0,
          0.10831231,
          0.1410358,
          -0.14698917,
          1
        ]
      },
      {
        "date" : 752634789.059076,
        "title" : "Untitled",
        "transform" : [
          0.12621275,
          -5.5693913e-08,
          -0.9920032,
          0,
          -0.06706951,
          0.99771184,
          -0.008533507,
          0,
          0.9897333,
          0.06761007,
          0.125924,
          0,
          0.23488916,
          0.08607812,
          -0.04958082,
          1
        ]
      },
      {
        "date" : 752634784.121104,
        "title" : "Untitled",
        "transform" : [
          -0.20253271,
          -5.8815697e-08,
          -0.97927547,
          0,
          -0.2700784,
          0.96121675,
          0.05585708,
          0,
          0.94129604,
          0.2757939,
          -0.1946778,
          0,
          0.19385375,
          0.11985924,
          -0.10031913,
          1
        ]
      },
      {
        "date" : 752634310.931142,
        "title" : "Untitled",
        "transform" : [
          -0.09120228,
          -5.4649732e-08,
          -0.99583244,
          0,
          -0.053977437,
          0.9985299,
          0.004943226,
          0,
          0.9943685,
          0.054203205,
          -0.09106813,
          0,
          0.21938093,
          0.084237576,
          -0.08619098,
          1
        ]
      },
      {
        "date" : 752634304.114629,
        "title" : "Untitled",
        "transform" : [
          0.24698015,
          -5.4409245e-08,
          -0.9690206,
          0,
          -0.17811021,
          0.98296285,
          -0.045396276,
          0,
          0.9525112,
          0.18380432,
          0.24277236,
          0,
          0.22685884,
          0.11325565,
          -0.010107221,
          1
        ]
      },
      {
        "date" : 752634283.427829,
        "title" : "Untitled",
        "transform" : [
          -0.19746068,
          -5.406625e-08,
          -0.98031086,
          0,
          -0.22525966,
          0.9732417,
          0.04537305,
          0,
          0.9540794,
          0.22978374,
          -0.1921769,
          0,
          0.19460626,
          0.12334158,
          -0.106344655,
          1
        ]
      },
      {
        "date" : 752634272.894404,
        "title" : "Untitled",
        "transform" : [
          -0.19746068,
          -5.406625e-08,
          -0.98031086,
          0,
          -0.22525966,
          0.9732417,
          0.04537305,
          0,
          0.9540794,
          0.22978374,
          -0.1921769,
          0,
          12.991351,
          8.233929,
          -7.0992627,
          1
        ]
      },
      {
        "date" : 752634271.581909,
        "title" : "Untitled",
        "transform" : [
          -0.19746068,
          -5.406625e-08,
          -0.98031086,
          0,
          -0.22525966,
          0.9732417,
          0.04537305,
          0,
          0.9540794,
          0.22978374,
          -0.1921769,
          0,
          22.387302,
          14.189091,
          -12.233781,
          1
        ]
      },
      {
        "date" : 752634269.83121,
        "title" : "Untitled",
        "transform" : [
          -0.19746068,
          -5.406625e-08,
          -0.98031086,
          0,
          -0.22525966,
          0.9732417,
          0.04537305,
          0,
          0.9540794,
          0.22978374,
          -0.1921769,
          0,
          59.975094,
          38.012264,
          -32.77403,
          1
        ]
      }
    ],
    "D66134B1-3681-4A8E-AFE5-29F257229F3B" : [
      {
        "date" : 752684535.429956,
        "title" : "Untitled",
        "transform" : [
          0.99868274,
          1.4246462e-08,
          -0.051311545,
          0,
          -0.016832385,
          0.94466305,
          -0.3276103,
          0,
          0.048472106,
          0.32804248,
          0.9434187,
          0,
          0.08616194,
          0.20445456,
          0.71057266,
          1
        ]
      },
      {
        "date" : 752679342.231312,
        "title" : "Untitled",
        "transform" : [
          0.9693755,
          1.3350199e-08,
          -0.24558347,
          0,
          -0.0895603,
          0.9311315,
          -0.35351542,
          0,
          0.22867046,
          0.36468372,
          0.90261596,
          0,
          0.22133538,
          0.23218435,
          0.67174405,
          1
        ]
      },
      {
        "date" : 752679335.46619,
        "title" : "Untitled",
        "transform" : [
          0.27446377,
          1.2584336e-08,
          -0.9615975,
          0,
          -0.5308171,
          0.83383363,
          -0.15150835,
          0,
          0.80181223,
          0.5520159,
          0.22885713,
          0,
          0.78594434,
          0.35484046,
          0.4256921,
          1
        ]
      },
      {
        "date" : 752679311.598373,
        "title" : "Untitled",
        "transform" : [
          0.988174,
          9.368251e-09,
          0.15333585,
          0,
          0.04674277,
          0.9524038,
          -0.30123413,
          0,
          -0.1460377,
          0.30483916,
          0.9411408,
          0,
          0.0092708105,
          0.20823295,
          0.5131192,
          1
        ]
      },
      {
        "date" : 752665603.224442,
        "title" : "Untitled",
        "transform" : [
          0.8925566,
          9.630048e-09,
          0.4509352,
          0,
          0.15062286,
          0.9425648,
          -0.29813468,
          0,
          -0.42503572,
          0.33402333,
          0.84129244,
          0,
          -0.14660364,
          0.22370477,
          0.48497608,
          1
        ]
      },
      {
        "date" : 752631700.782052,
        "title" : "Untitled",
        "transform" : [
          0.982173,
          1.3716376e-08,
          -0.18797907,
          0,
          -0.13131496,
          0.71555,
          -0.68610835,
          0,
          0.13450837,
          0.69856167,
          0.7027939,
          0,
          0.15378512,
          0.4123622,
          0.33622286,
          1
        ]
      },
      {
        "date" : 752631698.243469,
        "title" : "Untitled",
        "transform" : [
          0.92281616,
          2.2407285e-09,
          -0.3852405,
          0,
          -0.07732987,
          0.9796464,
          -0.18523815,
          0,
          0.37739944,
          0.20073144,
          0.90403354,
          0,
          0.3156234,
          0.17238933,
          0.5819651,
          1
        ]
      },
      {
        "date" : 752631677.061601,
        "title" : "Untitled",
        "transform" : [
          0.98109484,
          1.0793871e-08,
          -0.19352823,
          0,
          -0.096216634,
          0.86765254,
          -0.487772,
          0,
          0.1679152,
          0.49717122,
          0.85124934,
          0,
          0.17870557,
          0.322604,
          0.4540101,
          1
        ]
      },
      {
        "date" : 752631372.863338,
        "title" : "Untitled",
        "transform" : [
          0.9997526,
          1.4007797e-08,
          -0.02224509,
          0,
          -0.0022587336,
          0.99483156,
          -0.10151403,
          0,
          0.022130065,
          0.101539195,
          0.9945854,
          0,
          0.10634418,
          0.1185215,
          0.5540228,
          1
        ]
      },
      {
        "date" : 752631201.123039,
        "title" : "Untitled",
        "transform" : [
          0.9997526,
          1.4007797e-08,
          -0.02224509,
          0,
          -0.0022587336,
          0.99483156,
          -0.10151403,
          0,
          0.022130065,
          0.101539195,
          0.9945854,
          0,
          -0.11014244,
          0.13575163,
          1.1742468,
          1
        ]
      }
    ]
  },
  "sceneViewportBackgroundColors" : {

  },
  "selectedSceneRelativePath" : "Scene.usda"
}