{
  "advancedEditorSelectedIdentifier" : "BehaviorsPluginID",
  "openSceneRelativePaths" : [
    "Scene.usda",
    "Prefabs\/Plane.usda",
    "Prefabs\/World.usda"
  ],
  "recentIdentifiers" : {
    "6DB8FA17-D981-4FB4-8D5C-37E418F095A8" : [

    ],
    "D66134B1-3681-4A8E-AFE5-29F257229F3B" : [

    ]
  },
  "sceneCameraHistory" : {
    "6DB8FA17-D981-4FB4-8D5C-37E418F095A8" : [
      {
        "date" : 752633169.393109,
        "title" : "Untitled",
        "transform" : [
          -0.19746068,
          -5.406625e-08,
          -0.98031086,
          0,
          -0.22525966,
          0.9732417,
          0.04537305,
          0,
          0.9540794,
          0.22978374,
          -0.1921769,
          0,
          0.27515203,
          0.17439158,
          -0.15035975,
          1
        ]
      },
      {
        "date" : 752633167.287116,
        "title" : "Untitled",
        "transform" : [
          -0.19746068,
          -5.406625e-08,
          -0.98031086,
          0,
          -0.22525966,
          0.9732417,
          0.04537305,
          0,
          0.9540794,
          0.22978374,
          -0.1921769,
          0,
          0.27588168,
          0.12954004,
          -0.20036606,
          1
        ]
      },
      {
        "date" : 752633082.561076,
        "title" : "Untitled",
        "transform" : [
          -0.6880437,
          -4.619976e-08,
          -0.72566926,
          0,
          -0.43805078,
          0.797249,
          0.41533777,
          0,
          0.5785392,
          0.60365045,
          -0.54854214,
          0,
          0.092148826,
          0.2203512,
          -0.23890531,
          1
        ]
      },
      {
        "date" : 752633079.397341,
        "title" : "Untitled",
        "transform" : [
          -0.6880437,
          -4.619976e-08,
          -0.72566926,
          0,
          -0.43805078,
          0.797249,
          0.41533777,
          0,
          0.5785392,
          0.60365045,
          -0.54854214,
          0,
          -0.03001937,
          0.022125602,
          -0.21972018,
          1
        ]
      },
      {
        "date" : 752633072.272905,
        "title" : "Untitled",
        "transform" : [
          -0.6880437,
          -4.619976e-08,
          -0.72566926,
          0,
          -0.43805078,
          0.797249,
          0.41533777,
          0,
          0.5785392,
          0.60365045,
          -0.54854214,
          0,
          0.09302993,
          0.12849669,
          -0.18323225,
          1
        ]
      },
      {
        "date" : 752632953.020468,
        "title" : "Untitled",
        "transform" : [
          -0.64380884,
          -4.6661e-08,
          -0.7651864,
          0,
          -0.43447787,
          0.8231621,
          0.36555862,
          0,
          0.6298725,
          0.56780636,
          -0.52995896,
          0,
          0.13605088,
          0.21614909,
          -0.23928478,
          1
        ]
      },
      {
        "date" : 752632839.212536,
        "title" : "Untitled",
        "transform" : [
          -0.063402824,
          -4.4111356e-08,
          -0.99798805,
          0,
          -0.44811875,
          0.8935206,
          0.028469114,
          0,
          0.8917229,
          0.4490221,
          -0.056651656,
          0,
          0.25900355,
          0.17322074,
          -0.07959209,
          1
        ]
      },
      {
        "date" : 752632835.586635,
        "title" : "Untitled",
        "transform" : [
          -0.34667608,
          -4.5742176e-08,
          -0.9379849,
          0,
          -0.44209382,
          0.8819607,
          0.16339622,
          0,
          0.8272659,
          0.4713228,
          -0.3057546,
          0,
          0.13378763,
          0.086072154,
          -0.06406195,
          1
        ]
      },
      {
        "date" : 752632825.874817,
        "title" : "Untitled",
        "transform" : [
          -0.34667608,
          -4.5742176e-08,
          -0.9379849,
          0,
          -0.44209382,
          0.8819607,
          0.16339622,
          0,
          0.8272659,
          0.4713228,
          -0.3057546,
          0,
          0.16446474,
          0.1164518,
          -0.08653813,
          1
        ]
      },
      {
        "date" : 752632808.445144,
        "title" : "Untitled",
        "transform" : [
          -0.28806773,
          -4.6415007e-08,
          -0.9576101,
          0,
          -0.453128,
          0.8809624,
          0.13630956,
          0,
          0.84361845,
          0.4731862,
          -0.25377673,
          0,
          0.3018672,
          0.24359676,
          -0.16535892,
          1
        ]
      }
    ],
    "D66134B1-3681-4A8E-AFE5-29F257229F3B" : [
      {
        "date" : 752631700.782052,
        "title" : "Untitled",
        "transform" : [
          0.982173,
          1.3716376e-08,
          -0.18797907,
          0,
          -0.13131496,
          0.71555,
          -0.68610835,
          0,
          0.13450837,
          0.69856167,
          0.7027939,
          0,
          0.15378512,
          0.4123622,
          0.33622286,
          1
        ]
      },
      {
        "date" : 752631698.243469,
        "title" : "Untitled",
        "transform" : [
          0.92281616,
          2.2407285e-09,
          -0.3852405,
          0,
          -0.07732987,
          0.9796464,
          -0.18523815,
          0,
          0.37739944,
          0.20073144,
          0.90403354,
          0,
          0.3156234,
          0.17238933,
          0.5819651,
          1
        ]
      },
      {
        "date" : 752631677.061601,
        "title" : "Untitled",
        "transform" : [
          0.98109484,
          1.0793871e-08,
          -0.19352823,
          0,
          -0.096216634,
          0.86765254,
          -0.487772,
          0,
          0.1679152,
          0.49717122,
          0.85124934,
          0,
          0.17870557,
          0.322604,
          0.4540101,
          1
        ]
      },
      {
        "date" : 752631372.863338,
        "title" : "Untitled",
        "transform" : [
          0.9997526,
          1.4007797e-08,
          -0.02224509,
          0,
          -0.0022587336,
          0.99483156,
          -0.10151403,
          0,
          0.022130065,
          0.101539195,
          0.9945854,
          0,
          0.10634418,
          0.1185215,
          0.5540228,
          1
        ]
      },
      {
        "date" : 752631201.123039,
        "title" : "Untitled",
        "transform" : [
          0.9997526,
          1.4007797e-08,
          -0.02224509,
          0,
          -0.0022587336,
          0.99483156,
          -0.10151403,
          0,
          0.022130065,
          0.101539195,
          0.9945854,
          0,
          -0.11014244,
          0.13575163,
          1.1742468,
          1
        ]
      },
      {
        "date" : 752631170.032222,
        "title" : "Untitled",
        "transform" : [
          0.99998504,
          1.32981635e-08,
          -0.005478605,
          0,
          -0.0015969903,
          0.9565713,
          -0.29149416,
          0,
          0.0052406187,
          0.29149857,
          0.956557,
          0,
          -0.13013574,
          0.3557636,
          1.0990517,
          1
        ]
      },
      {
        "date" : 752631140.592399,
        "title" : "Untitled",
        "transform" : [
          0.9975235,
          1.33467255e-08,
          -0.07033412,
          0,
          -0.014167942,
          0.9795012,
          -0.20093901,
          0,
          0.06889231,
          0.20143794,
          0.9770756,
          0,
          -0.05518834,
          0.2520124,
          1.1653647,
          1
        ]
      },
      {
        "date" : 752631137.471959,
        "title" : "Untitled",
        "transform" : [
          0.99908453,
          1.3140903e-08,
          -0.04278137,
          0,
          -0.007728021,
          0.9835492,
          -0.18047494,
          0,
          0.042077504,
          0.18064038,
          0.98264873,
          0,
          -0.087107465,
          0.22740906,
          1.1684726,
          1
        ]
      },
      {
        "date" : 752631131.459116,
        "title" : "Untitled",
        "transform" : [
          0.9419834,
          1.324055e-08,
          -0.3356596,
          0,
          -0.085173294,
          0.96727,
          -0.23902741,
          0,
          0.3246734,
          0.25374916,
          0.9111524,
          0,
          0.25472295,
          0.31386855,
          1.1230466,
          1
        ]
      },
      {
        "date" : 752631126.594819,
        "title" : "Untitled",
        "transform" : [
          0.56022906,
          4.5555035e-09,
          -0.82833785,
          0,
          -0.15829676,
          0.9815702,
          -0.10706072,
          0,
          0.8130717,
          0.19110179,
          0.5499042,
          0,
          0.9585991,
          0.24712437,
          0.97504383,
          1
        ]
      }
    ]
  },
  "sceneViewportBackgroundColors" : {

  },
  "selectedSceneRelativePath" : "Prefabs\/Plane.usda"
}