{
  "advancedEditorSelectedIdentifier" : "BehaviorsPluginID",
  "openSceneRelativePaths" : [
    "Scene.usda",
    "Prefabs\/Plane.usda",
    "Prefabs\/World.usda"
  ],
  "recentIdentifiers" : {
    "D66134B1-3681-4A8E-AFE5-29F257229F3B" : [

    ]
  },
  "sceneCameraHistory" : {
    "6DB8FA17-D981-4FB4-8D5C-37E418F095A8" : [
      {
        "date" : 752629775.763589,
        "title" : "Untitled",
        "transform" : [
          1,
          0,
          0,
          0,
          0,
          0.7071069,
          -0.70710677,
          0,
          0,
          0.70710677,
          0.7071069,
          0,
          0,
          0.96326524,
          0.96326536,
          1
        ]
      },
      {
        "date" : 752629774.454739,
        "title" : "Untitled",
        "transform" : [
          1,
          0,
          0,
          0,
          0,
          0.7071069,
          -0.70710677,
          0,
          0,
          0.70710677,
          0.7071069,
          0,
          0,
          1.3305058,
          1.330506,
          1
        ]
      }
    ],
    "D66134B1-3681-4A8E-AFE5-29F257229F3B" : [
      {
        "date" : 752631201.123039,
        "title" : "Untitled",
        "transform" : [
          0.9997526,
          1.4007797e-08,
          -0.02224509,
          0,
          -0.0022587336,
          0.99483156,
          -0.10151403,
          0,
          0.022130065,
          0.101539195,
          0.9945854,
          0,
          -0.11014244,
          0.13575163,
          1.1742468,
          1
        ]
      },
      {
        "date" : 752631170.032222,
        "title" : "Untitled",
        "transform" : [
          0.99998504,
          1.32981635e-08,
          -0.005478605,
          0,
          -0.0015969903,
          0.9565713,
          -0.29149416,
          0,
          0.0052406187,
          0.29149857,
          0.956557,
          0,
          -0.13013574,
          0.3557636,
          1.0990517,
          1
        ]
      },
      {
        "date" : 752631140.592399,
        "title" : "Untitled",
        "transform" : [
          0.9975235,
          1.33467255e-08,
          -0.07033412,
          0,
          -0.014167942,
          0.9795012,
          -0.20093901,
          0,
          0.06889231,
          0.20143794,
          0.9770756,
          0,
          -0.05518834,
          0.2520124,
          1.1653647,
          1
        ]
      },
      {
        "date" : 752631137.471959,
        "title" : "Untitled",
        "transform" : [
          0.99908453,
          1.3140903e-08,
          -0.04278137,
          0,
          -0.007728021,
          0.9835492,
          -0.18047494,
          0,
          0.042077504,
          0.18064038,
          0.98264873,
          0,
          -0.087107465,
          0.22740906,
          1.1684726,
          1
        ]
      },
      {
        "date" : 752631131.459116,
        "title" : "Untitled",
        "transform" : [
          0.9419834,
          1.324055e-08,
          -0.3356596,
          0,
          -0.085173294,
          0.96727,
          -0.23902741,
          0,
          0.3246734,
          0.25374916,
          0.9111524,
          0,
          0.25472295,
          0.31386855,
          1.1230466,
          1
        ]
      },
      {
        "date" : 752631126.594819,
        "title" : "Untitled",
        "transform" : [
          0.56022906,
          4.5555035e-09,
          -0.82833785,
          0,
          -0.15829676,
          0.9815702,
          -0.10706072,
          0,
          0.8130717,
          0.19110179,
          0.5499042,
          0,
          0.9585991,
          0.24712437,
          0.97504383,
          1
        ]
      },
      {
        "date" : 752631069.87042,
        "title" : "Untitled",
        "transform" : [
          0.9995202,
          1.0948081e-08,
          -0.030975442,
          0,
          -0.0112196505,
          0.93209594,
          -0.36203757,
          0,
          0.02887199,
          0.3622115,
          0.93164873,
          0,
          -0.0863747,
          0.4279655,
          0.9861178,
          1
        ]
      },
      {
        "date" : 752631066.555781,
        "title" : "Untitled",
        "transform" : [
          0.84182644,
          1.0953638e-08,
          -0.5397484,
          0,
          -0.19715144,
          0.9309034,
          -0.30749014,
          0,
          0.5024535,
          0.3652656,
          0.7836591,
          0,
          0.53633046,
          0.65619725,
          1.5216595,
          1
        ]
      },
      {
        "date" : 752631055.412489,
        "title" : "Untitled",
        "transform" : [
          0.9667269,
          1.0989236e-08,
          -0.2558107,
          0,
          -0.06762072,
          0.96442986,
          -0.25554365,
          0,
          0.24671136,
          0.26433915,
          0.93234026,
          0,
          0.1666675,
          0.3103483,
          1.0683343,
          1
        ]
      },
      {
        "date" : 752631052.663622,
        "title" : "Untitled",
        "transform" : [
          0.9986988,
          1.05824105e-08,
          -0.050997656,
          0,
          -0.00948615,
          0.98254746,
          -0.18577014,
          0,
          0.050107516,
          0.1860123,
          0.9812689,
          0,
          -0.048140973,
          0.2298258,
          1.0373204,
          1
        ]
      }
    ]
  },
  "sceneViewportBackgroundColors" : {

  },
  "selectedSceneRelativePath" : "Scene.usda"
}